  70    2   49   85   10   27    3   49 = 0
  33   49   23   71   17   99   10   40 = 0
  41   35   54   27    7   14   76   86 = 0
  90   31    1    0   16   80   52   38 = 1
  35   53   24   45   80   27   94   13 = 0
  76   69   85   45   68   47   85   62 = 0
  34   91   89   93    5   17   79   48 = 0
   0   33   48   17   65   52    7    0 = 0
   5   31   97   37   11   92   51   39 = 1
  13   88   85   82   87   22   96   73 = 0
  66   37   66   23   55   98   71   55 = 0
  83   71   24   48   23   32    1   80 = 0
  15   98   18   78   42   69   18   56 = 0
   9   55   90   48   29   86   21   95 = 0
  23   87   19   78   85   42   86   68 = 0
  14   10   69   89   94   70   70   62 = 1
  68   88   40   63    9   58   19   70 = 0
  65    9   18   95   95   39   90   70 = 0
  78   61    1   64    4   87   84   70 = 0
  49    5   59   44   75   29    6   96 = 0
  69   46   11   78   57   30    0   74 = 0
  91   18   69   38    9   12    8   88 = 0
  25    9    4   81   48   40   51   98 = 0
  46   11   94   73   92    0   21   62 = 0
  98   32   92    7   62   45   82    5 = 0
  63    3   43   73   15   52   13   41 = 0
  13   17   22   62   57   26   60   55 = 0
  89   54   29   81    6    2   95   56 = 0
  35   40   64   49   85   98   55    0 = 0
   1   98   25   69    2   38   62   16 = 0
  55   36   30   65   62   42   20   51 = 0
  48    1   85   54    4   80   62   39 = 1
  72   78   40   57   76   47   58   30 = 0
  46   35   51    0   74   13   68   81 = 0
  49   98   46   64   92   19   67   40 = 0
  20   52   46   24   33    9   15   57 = 0
  87   56   15   16    3   25   98    1 = 0
  60   49   54   86   14   22   68   63 = 0
  73   66   79   65   85   47    6    6 = 0
  99    4   30   84   13   98   42   53 = 0
  54    9   21    9   34   19   63   46 = 0
  20   17   85   34   91   53   49   16 = 0
  71   29   82   57   28   40   63   27 = 0
  96   45   64   10   95    6   15   49 = 0
  67   36   11    1    7   74   99   79 = 0
  43   36   13   86   89   14    3   13 = 0
  95   37   70   23   29   85    3   25 = 0
  82   67   35   78   25    2   79   92 = 0
  38   90   45   97   16   96   76   11 = 0
  33   41   98   74   56    1   87    3 = 0
  90    9   79   19   94   82   44   29 = 0
   1   32    7   78   34   38   22   25 = 0
  81   19   22   97   15   99   61    0 = 0
  40   59   75   48   12   14   52    2 = 0
  24   83   21   70   65   17   51   18 = 0
   1   10   48   36   49   70   61   30 = 0
  41   35   79   56   86   40   57   27 = 0
  51   84   27   15   98   31   17   74 = 0
  14   90   97   31   60    0   49   61 = 1
  11   49   97   60   71   10   42   12 = 0
  98   21   21   84   14   78   63   17 = 0
  14   91   33   64   22   50   91   37 = 0
  93   88   20   53   88   22   14   51 = 0
  71   64   11   43   26    5    7   24 = 0
  79   28   61   93   58   24   62   72 = 1
  15   95   37   90   98   28   79   91 = 0
  68   99   96    8   21   62   60   93 = 0
  26   23   88    5   29   47   81   60 = 0
  76   42   53   34   67   67    7   34 = 0
  63   96   24   61   76   55    4   44 = 0
  55    0    4   28   62   64   73   41 = 0
  40   61   46   21   61   27   81   37 = 0
  70   86   71   89   53   30   23   16 = 0
  78    0   29   54   55   33   98   62 = 0
  33   55   91   48   19   64   89   11 = 0
  78   87   32   39   66   13   28   88 = 0
  51   51   77    5   82   53   73   60 = 0
  53    3   15   60   36   65   75   22 = 0
  20   66   22   92   82   11    3   12 = 0
  50   88   51   16   53   79   57    5 = 0
  83   34   10   65   87   35   77   92 = 0
  38   44    5   27   62   80    1   34 = 0
  46   23   26   80   86   82   93   36 = 0
  70   96    4   75   28   61   80   11 = 0
  96   42   76   35   78    5   80   68 = 0
  50   85   95   12   65   96   46   63 = 0
  19   25   43    5   59   36   93   81 = 0
  33   98   56   61   59   37   72    7 = 0
  31    0   95    9    5   75   78    7 = 1
  60   25   71   77   22   70   40   93 = 0
  47   35   99    6   24   44   87    9 = 0
  42   95   22   54   84   94   61   16 = 0
  46   56   25    3   83   55   63   95 = 0
  81   34   72   55   56   64   48    3 = 0
  52   99    9   76   44   48   85   38 = 0
  96    7   92   80   53   54   96   51 = 0
  62   74   54   98   29   69   93   62 = 0
   4   18   17   60   34   18   64   86 = 0
  69   25   14   13   26   51   52   22 = 1
  10   96   54   15   50   51   66   65 = 0
  77   73   63   58   42    8   21   98 = 0
  26   90   11   13   60   75   99   30 = 0
  52   66   95   30   69   99    4   80 = 0
  96   59   95   46   62   14   63   39 = 0
  87   78   97   81   87   70   80   13 = 0
  61   91   26   21   18   78    3   22 = 0
  96   99    5   65   98    9   97   94 = 0
  68   93   93   30   59    8   69   98 = 0
  87   19   79   74   89   11   39   50 = 0
  54   18   24   24   48   79   99   44 = 0
  78    4   61   29   65   59   75   34 = 0
   4   68   16   63   29   38   13   16 = 0
  57   92   90   98   56   29    1   62 = 0
  99   25   87   47   56   38   43   87 = 0
  42    5   16    7   16   43   93   72 = 0
  64   62   35   93    0   48    9    9 = 0
  92   51    7    0   32    8   63   32 = 1
  85    2   79   42   40   75   29   34 = 0
  80   97   41   48   40   87   20   56 = 0
  49    7   49   49    7   58   10   99 = 0
   9   17   52   42   26   15   26   11 = 0
  17    5    5    9   80   86   43   12 = 0
  83   36   60   76   23   80   32   72 = 0
  39   82   73   46   92   83   98   54 = 0
  53   50   96   79   65   74   42   34 = 0
  79   48   43   12   86   38   76   70 = 0
  74   89   98   50   21   82   74   61 = 1
  16   48    7   61   83    5   15   88 = 0
  55   63   67   72   37   62    6   68 = 0
  62    1   80   48   91    9   70   66 = 0
  98   68   16   19    3   42   80   71 = 0
  42   88   32   26   93   47   66    1 = 0
  10   34   73   99   48   32   68   10 = 0
  33    0   58   77    9   29   43    7 = 0
  49   11   27   52   53    7   24   96 = 0
  47    8   74   41   56   40   94   18 = 0
  26   67   18   74   99   38   84   85 = 0
  38   95   62   48   24   57   55   25 = 0
  20   34   78   25   42   54   21   89 = 0
  62   47   82   70   40   28   89   18 = 0
  96   59   45   47   97   81   84   35 = 0
  76   98   35   52   55   43   78   27 = 0
  77    8   53   71   14   26   13   76 = 0
  26   47   99   66   76   40   36   72 = 0
  99   81   71   48   15   56   35   91 = 0
   6   71   96   62   66   74   89   43 = 0
  82   94   15   48   21   28   76   47 = 0
  75   75   65    3   15    1   75   66 = 0
  35   99   66   50    7    2   93   13 = 0
  25   89   27   91   15   69   34   49 = 0
  63    1   97   84   81   74   31    9 = 0
  49   96   12   17   50   40   35   85 = 0
  91    2   87   98   56   32   11   81 = 0
  74   91   72   89   60   58   39   23 = 0
  12   88   60   45   62   91   54   64 = 1
  40   19   33   90   11   68   27    2 = 0
  22   66    0   78   98   63   59   72 = 0
  54   83   14   66   94    5   90   58 = 0
  93   50    3    8   93   58   72   85 = 0
  29   57   27   40   25    6   42   48 = 0
  72   94   26   23    9   38   47   64 = 1
  73   61   30   67   18   72   25   12 = 0
  74   29   72   20   39   44    5   20 = 0
   1   33   60   78   91   54   78   64 = 1
   0    5   39    9   95   86   73   68 = 0
   0   56   36   18   28   13   82   55 = 0
  94   54   75   33   50   32   53    3 = 0
  17   65   82    9   19   60   73   19 = 0
  17   12   29   64   50   54   33    2 = 0
  62   21   21   43   34   55   98   29 = 0
  62   73   14   64   57   20   68   75 = 0
  85    2   84   57   14   57   28   32 = 0
  21    9   96   71   16   81   74   78 = 0
   2   47   21   89   54   19   70   68 = 0
  44   36   33    2   56    1   29   94 = 0
  55   13    3   69   70   31    1   43 = 0
  93   50   66    9   83   92   87   86 = 0
  91    9   27   46   80   49   14   77 = 0
  85   99   31   94    0   60   88   55 = 0
  25   91   25   47   74   78   90   67 = 0
  80   56   76   64    1   16    2   92 = 0
  77   29   90   57   78   57   86   15 = 0
  56   69    9    9   81   49   64    6 = 0
  40   41   53   67   72   43   86    4 = 0
  52   63   68   53   79   22   97   56 = 0
   3   88   65   81   45    4   49   53 = 1
  73   58   62   55    8   79   13    0 = 0
  20   67   67   44   62   54   49   14 = 0
  69   17   19    0   92   69    8   95 = 0
   9   25   29    6   29   78   59   55 = 0
  36   22   62   96    1   75   97   73 = 0
  94   16   18   57   22   67   23   43 = 0
  36   95   95   80   64    3   76   25 = 0
  29    5   31   58   83   90   65   71 = 1
  64   27   20   17   55   69   91   49 = 0
  85   61    6   60   80   30   55   68 = 0
  77   51   49   41   54   25   18   35 = 0
  30   49   46   65   91   11   88    8 = 0
  39    8   25   94   77   68   95   15 = 0
