13 48 23 89 41 23 22 10
91 59 47 14 5 46 71 0
50 53 17 86 70 81 62 32
8 22 69 25 75 79 92 10
46 99 47 75 75 19 87 38
69 10 89 87 46 41 64 74
21 23 87 59 85 64 55 71
69 0 61 1 65 11 15 72
80 67 93 80 43 57 74 23
63 55 46 1 63 37 6 34
65 70 26 83 25 22 35 23
45 54 61 92 43 60 34 60
28 39 88 77 10 97 24 76
64 15 91 69 48 84 57 56
46 34 75 98 31 26 9 52
29 2 1 23 21 4 62 59
0 8 17 5 54 22 80 86
28 9 84 30 5 27 52 65
24 59 30 41 92 67 62 4
7 1 4 16 31 12 87 28
42 34 55 28 9 69 95 88
79 31 44 85 90 58 0 56
91 88 78 71 78 26 49 69
5 11 51 50 85 72 72 39
92 81 3 7 85 58 96 26
5 71 15 96 40 93 48 10
39 38 32 13 11 67 98 15
73 92 81 5 11 59 86 77
64 17 49 29 44 65 16 92
58 62 30 22 73 31 89 82
60 61 27 53 57 74 51 20
69 11 23 50 54 99 4 1
92 77 76 42 60 50 63 55
58 4 13 80 90 62 19 4
10 13 88 37 38 18 82 78
8 38 29 52 4 38 47 19
22 70 20 59 31 28 52 26
26 1 47 20 12 88 41 24
46 86 66 40 85 25 11 88
41 7 10 7 39 45 70 48
21 5 11 19 60 68 72 66
76 56 69 81 33 74 99 63
54 39 2 67 45 37 31 67
54 63 66 36 13 72 6 50
61 95 34 54 39 54 86 41
25 51 11 67 39 96 82 92
87 38 60 13 88 87 42 6
62 50 23 90 68 59 26 68
46 23 68 29 7 98 63 69
22 60 56 42 25 89 14 55
34 85 95 38 57 22 83 73
13 47 62 81 90 65 47 51
76 8 11 62 54 56 82 42
81 68 84 35 38 7 62 77
9 49 88 31 84 16 70 85
19 40 90 50 53 3 53 33
87 5 87 44 15 44 28 94
48 95 28 66 8 52 35 29
66 38 38 38 45 24 25 68
28 15 69 64 8 73 71 85
11 7 13 84 10 93 93 11
69 60 16 49 10 53 45 23
51 63 10 74 68 89 9 60
16 97 87 55 59 59 6 64
48 10 29 24 75 24 8 85
22 93 95 30 72 54 83 20
82 38 19 72 97 40 93 77
96 46 89 80 54 69 65 64
94 78 62 67 27 9 81 86
50 84 38 80 70 86 77 23
70 77 74 70 57 61 87 78
10 57 42 89 29 91 97 31
14 47 32 77 32 76 94 32
29 34 44 0 60 3 64 12
31 69 74 59 54 19 7 71
31 32 8 69 64 72 93 53
70 20 53 79 71 0 64 86
99 11 66 17 50 75 88 15
41 70 76 63 13 72 46 72
4 5 0 57 91 9 18 92
55 6 58 60 45 19 58 85
0 19 15 55 96 59 0 37
44 71 60 35 39 94 4 42
63 17 61 59 58 22 75 94
98 49 74 68 96 79 74 80
40 97 96 30 2 35 93 61
52 70 97 18 18 14 52 88
86 76 52 6 93 47 45 83
57 97 15 80 90 89 92 35
55 58 33 59 88 67 30 48
5 97 80 88 56 80 3 62
39 62 0 26 9 8 80 21
58 66 89 35 69 5 93 54
17 83 45 45 91 70 20 37
11 89 96 46 3 60 80 61
28 22 79 8 64 48 7 90
24 43 93 97 63 6 37 26
94 53 37 60 61 18 43 44
10 18 22 55 29 9 76 56
88 10 61 99 35 0 91 46
11 86 83 95 10 58 55 78
54 23 76 33 0 97 86 65
74 60 89 7 48 1 26 3
18 80 71 11 47 12 43 87
6 21 70 84 4 75 83 86
33 84 83 55 90 20 77 41
76 22 22 55 30 30 7 62
56 89 97 85 74 88 44 63
99 77 23 80 52 30 39 3
96 59 37 14 29 15 85 91
18 57 37 14 86 77 3 46
97 32 42 20 6 52 82 61
9 21 1 64 10 47 41 60
41 13 43 59 31 33 22 75
1 14 37 60 48 10 1 6
73 75 43 44 14 44 88 54
20 55 57 75 82 2 81 34
34 46 61 65 94 44 67 38
62 78 19 29 96 80 70 7
16 16 51 50 85 63 98 85
16 85 99 81 56 58 64 75
69 58 42 68 61 34 81 63
68 44 70 22 90 29 45 60
54 61 51 21 25 22 25 14
49 20 22 10 68 33 29 53
44 57 63 37 28 16 28 82
50 71 99 98 42 83 75 17
15 84 42 5 49 93 53 77
99 72 50 23 2 29 61 75
18 82 19 31 70 50 79 4
74 54 41 46 44 87 75 46
60 25 57 74 93 96 41 23
83 89 32 71 26 3 16 66
18 14 71 6 81 83 14 16
71 94 89 48 72 9 10 24
15 2 44 1 41 38 22 43
43 23 68 35 24 63 57 89
70 33 98 10 0 53 86 82
37 95 90 50 51 1 11 6
5 30 46 81 57 85 35 77
96 61 21 21 29 4 57 24
65 91 37 24 19 14 23 46
31 29 85 60 19 66 55 92
23 92 32 75 57 47 97 6
19 96 76 3 51 11 59 60
27 76 83 87 43 39 24 65
51 40 70 9 65 33 90 63
87 81 89 2 37 61 28 57
86 20 40 45 23 85 84 63
12 44 57 0 26 24 34 2
88 39 0 93 94 78 39 38
23 21 66 10 9 15 23 2
43 33 82 5 58 80 24 48
40 90 67 25 5 17 0 2
2 76 20 4 92 1 31 89
17 76 2 43 70 48 19 58
96 67 90 73 82 37 14 36
99 79 80 88 0 17 47 56
50 69 97 95 97 86 5 93
91 9 26 42 94 22 91 52
55 25 79 33 73 19 94 97
41 43 21 73 80 78 3 96
54 38 92 8 24 5 38 9
60 89 89 2 74 83 91 92
55 17 54 91 22 40 45 78
87 86 5 94 59 42 39 34
71 45 88 58 40 13 49 5
11 89 5 55 55 32 45 63
72 49 42 57 5 34 91 3
51 79 69 93 7 66 35 95
89 17 58 10 63 91 31 30
94 83 3 54 92 89 83 92
73 70 64 30 77 54 95 9
50 36 44 74 2 66 76 46
61 17 2 30 24 67 84 6
92 15 45 18 56 26 77 87
96 27 95 39 80 76 58 43
1 67 83 67 78 73 22 67
73 82 7 77 35 93 47 40
85 67 11 91 73 2 8 0
44 42 4 7 1 92 28 65
50 21 98 66 46 9 72 83
43 80 54 72 60 5 37 77
53 21 8 82 10 98 64 96
17 69 14 18 76 49 20 12
43 18 88 59 33 76 67 97
53 87 42 30 11 26 73 47
76 34 33 90 54 46 72 82
48 2 74 20 93 80 26 99
27 45 13 60 21 3 23 21
21 78 36 63 80 33 52 85
67 95 74 15 43 98 32 79
35 67 24 86 20 74 47 18
77 64 55 15 1 34 27 16
62 3 51 7 79 22 77 8
0 29 6 45 92 26 22 17
43 64 27 19 41 33 23 78
7 33 87 95 81 0 75 53
55 8 64 63 32 77 25 42
20 35 65 1 69 22 24 7
