  98   49   85   98   69   49   34   19 = 0
   8   23    8   45   12    1   43   16 = 0
  98   59   48   45   98   65    3   46 = 0
  26   86   11   38   58   29   52   21 = 0
  99   75   78   34   57   52   55   42 = 0
  14   97   11   96   40   15   37   53 = 0
  34   13   61   42   81   35   48   96 = 0
  92    5   75    7   94   42   48   54 = 0
  91    3   25   46    6   23   42   64 = 0
  73    4   70   48   58   17   20   56 = 0
  29   25   76    2   37   92   43   17 = 0
  67   13   43   65   36   88   48   28 = 0
  55   25   18   20   43   92   24   86 = 0
  34   58    0   45   94   12    9   60 = 0
  95   59   25   16   53   68   22   42 = 0
  83   81   59   39   21   51   90   64 = 0
  94   77   65   84   81   93    1   72 = 0
  72   21   75   34   25   69   89   30 = 0
  68   95   95   49   94   59   83   26 = 0
  97   28   14   69   96   51   76   34 = 0
  12   47   97   39   70   52   41   69 = 0
  59   40   45   76    2   87   87   85 = 0
  49   61   96   72   35   29   64   18 = 0
  60   60   29   64   85    4   51   37 = 0
  37   39   64   28   12   67   84   90 = 0
  28   75   23   67   89   97   62    2 = 0
  61   69   50   66   32    6   39   85 = 0
  84   28    4   44   24   58   27   29 = 0
  62   37   36   32   82   65   37   30 = 0
  38    1   69   78   63   33   77   48 = 0
  97   43   38   82   49   51   84   24 = 0
  45   64   95   68   30   94   84   55 = 0
  38    9    2   11   37   73   13   82 = 0
  45   80   66   57   43   58   65   84 = 0
   3   59   28   81   67   22   81   19 = 0
  80   88    9    1   94   58   42   55 = 0
  14   71   38   24    8   49   60   25 = 0
  33   51   16   89   61   68   98   89 = 0
  25   10   36   30    5   44   77   81 = 0
  84   64   44   50   88   31   20   20 = 0
  96   88   39   80    7   52   62   32 = 0
  47   70   73   70   93   90   48   72 = 0
  39   66   69   38   63   10   59    7 = 0
  86   40   78   64   93   90   11   71 = 0
  90   74   54   22   23   38   75   62 = 0
  26   46   78   99   64   22   91   61 = 0
   8   84   20   21   90   74   84   56 = 0
  37   12   80   31    4   77   43   15 = 0
  28   94   20   71   90   63   55   68 = 0
  39   97   27   53   69   87   38   79 = 0
  96   69   33    2    5   26   44    9 = 0
  21   28    6   78   93   38   12   85 = 0
   0   93   91   51   23   15   29   62 = 0
  80   60    0   79   21   13    7    3 = 0
  95    7   72   42   44   52   67   37 = 0
  46   81   59   42    9   11   54   73 = 0
  64   29    8   97   75   14   62   75 = 1
  75   23   96    2   43   89   48    0 = 1
  22    0   25   48   88   74   20   69 = 0
  85   81    5   34   47    6   36   58 = 0
  68   84   98   49   84   48   86    0 = 0
  44   87   37   86   35    5   49   67 = 0
  23   99   28   29   60   11   36   24 = 0
  37   89   22    2   47   26    0   45 = 0
  22   81   11   24   29   34   73   16 = 0
  97   34   97   34    9   50   72   83 = 0
   9    3    4    4   28   10   56   48 = 0
  30   46   75    8   94   79   56   29 = 0
   0   60   81   10    2   22   62   64 = 0
  12   66    1   90   54   80   76   25 = 0
  81   66   98   34   41   93   86   38 = 0
  21   75   20   82   83    0   17   63 = 1
  69   80   93   70   72   29   63   39 = 0
  93   29   65    7   41   80   92   57 = 0
   5   47   42   19   57   39   70   88 = 0
  93   15   61   28   22   27   98   58 = 0
  90   79   91   73   54    4   54   62 = 0
   2   89   52   81   46   36   21   66 = 0
  72   98   52   30   47   64   58   46 = 0
  90   24   93   95   95   95   53   79 = 0
  86   80   99   99   40   93   20   77 = 0
   1   25   84    7   98   34   67   33 = 0
  39   11   64   84   24   48   32   19 = 0
  89    5   93    3   67    4    4   85 = 1
  77   87   32   31   67   78   77   51 = 0
  10   64   31   30   96   56    6   93 = 0
  17   34   69   68   82   71   81   36 = 0
  89    9   29   79   13   55   77   25 = 0
   7   84   55   93   18    2   16    8 = 0
  11   20   54   30   56   20   13   75 = 0
  86   59   44   79   92   10   94   17 = 0
  54   74   53   59   54   78   66   71 = 1
  85   75   57   54   53   44   95    2 = 0
  82   84   65   94    3   73    2   94 = 0
  18   30   17   52   39   43   64   41 = 0
  76   83   69   85   52    6    3   86 = 0
  14   76   76   86    9   14   76   34 = 0
  62   32   27   86   40   94   91   27 = 0
  78   71   72   32   45   11   90   76 = 0
  40   36   37   39   18    3   90   23 = 1
  91   88   36    4    5   87   56   39 = 0
  84   88   62   43   83   65   97   74 = 0
  29   59   45    3   20   26   70   15 = 0
  29   49    0   45   73   30   65   61 = 1
   6   25   19   61   33   71   71   35 = 0
  42   92   72   77   92   97   12   22 = 0
  60   80   55   88   48   93   74   74 = 0
  16   86   23   36   15   13   38    1 = 0
  50   84   55   52   33    6   92   34 = 0
  95   68   82   35   72    2   27   19 = 0
  21   75   16   87   87   50   40   92 = 0
  40   27   58   47   55   50   15   34 = 0
   0   82   97   14   58   32   25   41 = 0
  92   52    4   46   38   20   40   70 = 0
  58   33   86   41   79   39   45   70 = 0
  65   37   77   91   49   63   80   77 = 0
  70    9   17   90   67   21   16   80 = 0
  79   33    2   73   87   95   81    3 = 1
  47   20   14   62   44   30   68   27 = 0
  19   58   36   56   30   46   83   37 = 0
  63   15    7   29   37   41   10    2 = 0
  31   77   59   25   22   35   87    1 = 0
  86   26   35    5    8   25   91   76 = 0
  23   83   78    1    9   21   79   80 = 0
  11   23   43   59   51   64   27   48 = 0
  84    5   81   82   27   81   62   77 = 0
   9   50   71   63   81   27   32   53 = 0
  60   25   68   59   42   46   55   91 = 0
  74   76   24    7   73   22   51   81 = 0
  35   18   22   63   98   67   50   95 = 0
  39   75   96   40   14    4   80   85 = 0
   6   38   90    5   97   76   40   16 = 0
  77    0   68   50   43   20    6   94 = 0
  75   62   27   64   44   70   58   14 = 0
  97   35    3   11   72   55   59   56 = 0
  38    0   12   88   87   95   30   59 = 0
   4    2   45   63   50   20   51   62 = 0
  24   39   92   54   80   23   72   14 = 0
  30   77   40   24   30   14   97   76 = 0
  19   97   26   32    3   27   57   11 = 0
  97   70   12    3   57   55   83   90 = 0
  31   28    0    9   70   96   74   68 = 0
  46   65   75   40   40   12   26    6 = 0
  13    3    8   64   14   20   24   25 = 0
  66   76   12   61   40   90   34   74 = 0
  71   24   21   80   23   59   85    4 = 0
  86   79   60   87    2   77   45   41 = 0
  45    5   17   56   99   94   37    9 = 0
  42   40   43   42   52   55    8   97 = 0
  16    9    9   56   90   10   28    9 = 0
  44   47    2    4   25    9   91   23 = 0
  98   38    6   85   18   65   70   58 = 0
  26   66   55   86   60   44    9   99 = 0
  99   74    9    5    3   15   65   28 = 0
  51   13   95   72   64   33   40   24 = 0
  52   56   75   71   71   49    4   64 = 1
  72    6   17   76   40   20   44   50 = 0
  78   31   81   62   39   40   26   60 = 0
  60   37   85   42   84   43   68   73 = 0
  15   26   48    5   11   26   86   72 = 1
  35   92   53   69   81   75   94    3 = 0
  12    4    8    7   81   83   45   98 = 0
  89   27   36   75   64    0   55   54 = 0
  24   32   32   20   93   77    2   54 = 1
  60   76    3   28   82    0   39   41 = 0
  14   69   92   29   65   71   56   58 = 0
  49   40   70   39   24   28   16   10 = 0
  10   38   89   23   89   12   38   37 = 0
  57   22   99   58   87   89   31   34 = 0
  66   14   19   20   32   68   67   79 = 0
  12   50   58    9   32   52    5   73 = 0
  98   60   33   63   16   12   20   38 = 0
  97   79   20   38   20   97   58   10 = 0
  39   47   66   15   68   34   88   57 = 0
  79   78   91   65    1   94   44   69 = 0
  75   95   33   60    1   86   42    1 = 0
  44   41   71   21   82   80   43   22 = 0
   1   20   93   55   12   29   30   13 = 0
  81   65   50   33   86   76   94   43 = 1
  57   53   77    9   49   76   69   25 = 0
  91   90   72   66   84   94   16   46 = 0
  49   73   48   23   69   77   76   27 = 0
   6   93   31    6   55   20   14    2 = 0
  20   31   36   47   74   92   32   98 = 0
  93   52   31    6   51   91    3   49 = 0
   6   23   30   44   65   38   11   66 = 0
  75    0   86   27   89   12   38    8 = 0
  37    5    8   17   74    5    5   69 = 0
  66   37   44   17   17   60    9   55 = 0
  93   72   29   45   99   32   91   91 = 1
  67    5   86    2   10    3   68   45 = 1
  39   36    3    3   56   90   58   78 = 0
  55   72   90   14   97   15   33   14 = 0
  20   38   83    0   83   52   39   18 = 0
  22   39   57   51   57   13    9   26 = 0
  22   30   58   63   69   17   36   84 = 0
  99   28    6   18   48    9   53   96 = 0
  65   19   53   18   42   16   53   86 = 0
  13   20    9   35   39   89    1   19 = 0
